5021290099906
5056280450511
5060146465922
045496423179
5021290087859
5060112431876
5060690792802
5060540771797
045496424268
045496426132
5030931121531
5021290047402
5026555422079
5030937116388
5026555423250
5060121820869
5024866348880
5026555421256
045496478483
5021290096257
045496420079
3307216210351
045496428129
045496427160
045496429393
3307216144304
045496478605
3307216272755
5021290094512
811949033192
3701529501333
5055277047932
045496479145
045496422202
3391892039085
3307216304845
8718591188862
5021290094192
3391892015416
045496429911
5902367649937
5056208818782
5021290094574
5055277053025
5055277045846
5056280449515
045496424794
8023171043043
045496427160
5056635600646
5060760886417
045496427467